Model used = Gaussian Naive BayesClassifier model details:
GaussianNB(priors=None)

Model score:
0.80392

Classification report:
             precision    recall  f1-score   support

          0       0.65      0.92      0.76        12
          1       1.00      0.56      0.72        16
          2       0.93      0.93      0.93        14
          3       0.85      0.85      0.85        20
          4       0.62      0.77      0.69        13
          5       0.84      1.00      0.91        16
          6       0.60      1.00      0.75        15
          7       1.00      0.18      0.31        11
          8       1.00      0.79      0.88        14
          9       0.64      0.75      0.69        12
         10       0.88      0.67      0.76        21
         11       1.00      0.67      0.80        12
         12       0.56      0.94      0.70        16
         13       1.00      0.93      0.97        15
         14       0.82      0.92      0.87        25
         15       1.00      0.75      0.86        20
         16       1.00      0.75      0.86        12
         17       1.00      0.59      0.74        17
         18       0.68      1.00      0.81        13
         19       0.92      1.00      0.96        12

avg / total       0.85      0.80      0.80       306


